700
552
233
293
201
406
519
637
65
354
663
267
456
179
577
627
370
973
597
112
316
148
802
311
56
816
668
345
211
841
479
754
861
269
199
917
963
209
464
626
942
737
828
823
605
248
681
10
698
75
28
260
290
266
270
199
648
141
812
236
865
593
471
742
541
458
504
761
375
221
118
721
205
101
38
314
293
801
600
236
135
778
938
892
542
761
950
435
577
342
947
300
429
69
210
989
656
486
244
183
139
724
255
78
889
605
727
776
480
220
333
648
251
604
981
812
793
745
214
797
825
265
109
395
61
453
700
989
996
974
760
220
472
600
777
583
171
151
604
86
553
748
441
611
127
893
237
262
55
628
659
426
386
789
563
326
402
692
779
469
681
213
341
950
620
938
956
946
210
720
558
405
722
881
569
970
537
319
925
104
888
675
457
439
570
587
576
737
298
539
682
785
210
432
516
903
45
458
913
847
454
312
444
146
892
749
245
108
828
301
249
223
969
107
360
343
269
138
925
823
406
635
217
276
490
611
297
154
972
453
866
526
67
909
59
499
51
761
800
314
929
982
948
236
508
430
634
337
589
999
579
276
614
843
583
61
645
390
728
611
562
795
100
907
357
767
669
905
904
455
98
446
168
25
72
299
896
491
361
429
914
716
383
265
468
669
496
105
475
644
584
270
840
555
941
799
786
189
155
546
109
519
447
765
531
441
176
138
549
37
567
405
455
26
399
429
541
400
793
682
672
588
655
603
263
887
310
816
319
249
948
92
539
302
510
514
547
848
949
817
661
889
975
846
441
992
561
681
502
16
232
270
780
536
961
949
663
473
743
948
789
701
360
703
855
196
788
375
227
928
87
497
790
154
664
185
901
305
81
693
745
223
413
31
388
147
238
82
922
592
207
253
539
701
201
761
489
436
167
354
561
924
522
833
671
233
925
191
596
329
50
70
69
179
68
559
347
969
575
762
717
490
932
195
878
520
829
31
379
78
581
149
718
718
617
853
211
434
609
569
130
541
567
312
548
679
587
735
842
653
667
610
598
312
343
225
939
760
496
280
457
253
354
163
810
591
793
146
607
240
970
