10
16
25
26
28
31
31
37
38
45
50
51
55
56
59
61
61
65
67
68
69
69
70
72
75
78
78
81
82
86
87
92
98
100
101
104
105
107
108
109
109
112
118
127
130
135
138
138
139
141
146
146
147
148
149
151
154
154
155
163
167
168
171
176
179
179
183
185
189
191
195
196
199
199
201
201
205
207
209
210
210
210
211
211
213
214
217
220
220
221
223
223
225
227
232
233
233
236
236
236
237
238
240
244
245
248
249
249
251
253
253
255
260
262
263
265
265
266
267
269
269
270
270
270
276
276
280
290
293
293
297
298
299
300
301
302
305
310
311
312
312
312
314
314
316
319
319
326
329
333
337
341
342
343
343
345
347
354
354
354
357
360
360
361
370
375
375
379
383
386
388
390
395
399
400
402
405
405
406
406
413
426
429
429
429
430
432
434
435
436
439
441
441
441
444
446
447
453
453
454
455
455
456
457
457
458
458
464
468
469
471
472
473
475
479
480
486
489
490
490
491
496
496
497
499
502
504
508
510
514
516
519
519
520
522
526
531
536
537
539
539
539
541
541
541
542
546
547
548
549
552
553
555
558
559
561
561
562
563
567
567
569
569
570
575
576
577
577
579
581
583
583
584
587
587
588
589
591
592
593
596
597
598
600
600
603
604
604
605
605
607
609
610
611
611
611
614
617
620
626
627
628
634
635
637
644
645
648
648
653
655
656
659
661
663
663
664
667
668
669
669
671
672
675
679
681
681
681
682
682
692
693
698
700
700
701
701
703
716
717
718
718
720
721
722
724
727
728
735
737
737
742
743
745
745
748
749
754
760
760
761
761
761
761
762
765
767
776
777
778
779
780
785
786
788
789
789
790
793
793
793
795
797
799
800
801
802
810
812
812
816
816
817
823
823
825
828
828
829
833
840
841
842
843
846
847
848
853
855
861
865
866
878
881
887
888
889
889
892
892
893
896
901
903
904
905
907
909
913
914
917
922
924
925
925
925
928
929
932
938
938
939
941
942
946
947
948
948
948
949
949
950
950
956
961
963
969
969
970
970
972
973
974
975
981
982
989
989
992
996
999
