10
16
25
26
28
31
37
38
45
51
55
56
59
61
61
65
67
69
72
75
78
81
82
86
87
92
98
100
101
104
105
107
108
109
109
112
118
127
135
138
138
139
141
146
147
148
151
154
154
155
167
168
171
176
179
183
185
189
196
199
199
201
201
205
207
209
210
210
210
211
213
214
217
220
220
221
223
223
227
232
233
236
236
236
237
238
244
245
248
249
249
251
253
255
260
262
263
265
265
266
267
269
269
270
270
270
276
276
290
293
293
297
298
299
300
301
302
305
310
311
312
314
314
316
319
319
326
333
337
341
342
343
345
354
354
357
360
360
361
370
375
375
383
386
388
390
395
399
400
402
405
405
406
406
413
426
429
429
429
430
432
435
436
439
441
441
441
444
446
447
453
453
454
455
455
456
457
458
458
464
468
469
471
472
473
475
479
480
486
489
490
491
496
497
499
502
504
508
510
514
516
519
519
522
526
531
536
537
539
539
539
541
541
542
546
547
549
552
553
555
558
561
561
562
563
567
569
570
576
577
577
579
583
583
584
587
588
589
592
593
597
600
600
603
604
604
605
605
611
611
611
614
620
626
627
628
634
635
637
644
645
648
648
655
656
659
661
663
663
664
668
669
669
671
672
675
681
681
681
682
682
692
693
698
700
700
701
701
703
716
720
721
722
724
727
728
737
737
742
743
745
745
748
749
754
760
761
761
761
761
765
767
776
777
778
779
780
785
786
788
789
789
790
793
793
795
797
799
800
801
802
812
812
816
816
817
823
823
825
828
828
833
840
841
843
846
847
848
855
861
865
866
881
887
888
889
889
892
892
893
896
901
903
904
905
907
909
913
914
917
922
924
925
925
928
929
938
938
941
942
946
947
948
948
948
949
949
950
950
956
961
963
969
970
972
973
974
975
981
982
989
989
992
996
999
